1.810120951474600588e+03 1.613098948116576765e+06
1.867712103380688632e+03 1.666057667414530646e+06
1.753326974414202368e+03 1.409978691969105275e+06
1.893005211613963638e+03 1.336039661958248587e+06
2.404469826500847375e+03 1.964901333277512109e+06
2.453455996240692002e+03 1.142487136580080027e+06
2.653771559885210536e+03 1.687040135042126989e+06
2.847065181276282601e+03 1.701725091046435526e+06
3.597752900191665049e+03 1.918297265122287208e+06
3.899055901545349116e+03 1.639646643427925650e+06
3.854625451603862984e+03 2.098436666822076775e+06
4.481199931289616870e+03 1.714184185324641643e+06
4.223005507010944712e+03 1.973000743128600996e+06
4.684710185355212161e+03 1.936862084886921104e+06
4.625814903768279692e+03 2.190061572484398261e+06
4.513105800766992616e+03 1.932899136322357692e+06
4.268187116683106979e+03 1.947776381772362627e+06
3.994316765967707397e+03 1.449135458736267872e+06
4.468723277429286100e+03 2.313567576319508720e+06
4.717806036057159872e+03 2.234565893150302116e+06
4.518292601557593116e+03 2.442959930258815177e+06
4.120979442718144128e+03 1.906688516827645712e+06
4.699620063495669456e+03 2.524717889086782001e+06
4.755203624675813444e+03 2.630847231373633724e+06
4.508998038073023963e+03 2.507336334523105994e+06
4.644481843995535201e+03 2.784958565897839144e+06
4.780131713717496496e+03 2.812147891800433397e+06
4.534397358380396327e+03 3.039519338868414052e+06
5.256724015209994832e+03 2.863441164931272157e+06
5.102610672947936109e+03 2.677655859906574711e+06
5.860914748466561832e+03 3.173104193786484655e+06
5.416293621328508380e+03 3.390947803852088284e+06
5.820214863971269551e+03 3.245603294664805755e+06
5.498692367157302215e+03 3.337397426747394726e+06
5.471758848624500388e+03 3.504422289929317310e+06
5.351130853774843672e+03 3.149648518579395022e+06
4.983023727552616037e+03 3.489199686506818980e+06
5.683099086312430700e+03 3.506731208901585080e+06
5.371764595593894228e+03 3.573685616625252645e+06
5.353310399080975003e+03 3.283796746111967601e+06
6.002125635566038909e+03 4.001487321965371259e+06
2.984086569030671853e+03 1.470153893629318336e+06
3.106327201545907883e+03 1.071032673010225873e+06
2.395527080685265901e+03 1.426073540878117085e+06
2.791736107833956339e+03 1.893059634943370009e+06
3.052213327032052803e+03 1.572380637063383125e+06
2.582101597108478472e+03 1.915558068266563583e+06
3.307097578460966815e+03 1.384264893668767996e+06
2.988933029210479162e+03 1.721893809314253740e+06
2.923130405598300968e+03 1.608064519916175166e+06
3.320226062213946534e+03 1.527422314112653723e+06
3.111534099571165825e+03 1.796179424831853947e+06
3.461330321943119998e+03 1.106298081372697838e+06
3.709216241347872710e+03 1.386649486275410280e+06
2.898039042049892487e+03 1.564994232089303434e+06
4.054334571961155689e+03 1.453200506526318844e+06
3.950349273811302282e+03 1.674257819772283314e+06
3.564725424474545434e+03 1.773087574045566842e+06
3.616519587021394727e+03 1.791095074919553008e+06
5.868270512666340437e+03 2.562670410611306317e+06
5.676832704968497637e+03 2.719705390333041549e+06
5.511529544564102252e+03 3.036892077838510741e+06
5.907412882153399551e+03 2.852712327780236956e+06
5.905776316054807467e+03 2.541482114371186588e+06
6.229354318724594123e+03 2.333303455635476857e+06
6.637271273838596244e+03 2.837108103941265494e+06
6.067916462041393061e+03 2.525382793876131997e+06
6.393056206691053376e+03 2.951191804958967958e+06
7.051106532983802936e+03 3.171032152189831715e+06
6.803969981739473951e+03 3.060113667042931076e+06
7.323732081120561816e+03 2.911040620524955913e+06
6.868811743734387164e+03 2.894872388629327528e+06
7.095301479650861438e+03 2.711202642182202078e+06
7.237827109955038395e+03 2.954760604403499048e+06
7.375570970430803754e+03 2.630477446644174401e+06
6.885511173308143043e+03 2.848909387438863982e+06
7.502589717692853810e+03 3.016118541728213895e+06
6.977248055966993888e+03 3.329352433363795746e+06
